74	1969	2321	1532	0
84	88	383	82	0
80	10	176	30	0
76	5	183	34	1
56	27	52	6	0
140	160	290	90	0
150	43	165	83	0
137	40	135	82	0
162	46	145	90	0
170	50	130	98	0
135	28	95	80	0
150	30	110	90	0
110	8	106	75	0
95	10	70	25	0
130	330	490	150	0
120	335	497	153	0
90	290	320	80	0
97	213	294	84	0
6	98	256	49	0
9	33	78	13	0
130	10	53	13	1
356	52	4	4	12
80	30	69	7	6
78	30	43	5	3
111	25	5	3	3
108	90	77	16	21
214	90	10	20	75
110	108	176	106	0
100	49	50	16	6
60	20	85	15	0
90	30	109	20	5
70	15	53	27	0
80	20	60	30	0
96	32	31	19	37
35	63	137	72	0
90	30	309	125	0
11	2	1	0	3
9	1	2	0	3
171	10	1	1	9
120	150	278	32	7
34	2374	3434	1183	12
118	247	231	12	442
115	240	225	11	438
50	8	68	12	4
189	7963	5726	5168	0
130	53	210	23	8
138	50	230	28	8
870	110	262	38	913
164	10	85	11	38
230	34	52	6	65
177	81	90	14	85
50	57	283	61	0
50	43	245	49	0
40	38	230	44	0
130	50	10	1	8
130	53	763	148	14
110	106	162	56	2
105	74	108	35	4
79	68	31	69	17
82	65	38	30	18
82	50	28	82	12
40	15	80	21	0
50	46	270	210	0
255	4610	4496	829	40
130	330	319	76	0
119	97	99	33	0
106	106	101	51	0
190	5	6	1	7
45	67	81	45	0
40	61	75	40	0
101	1291	3017	526	101
40	10	154	10	0
110	45	30	55	4
69	48	78	28	3
50	70	74	30	3
5	2	10	8	6
122	2	15	1	37
98	36	52	11	55
100	38	50	10	55
98	35	48	10	53
382	190	383	940	20
287	150	222	548	15
62	105	52	255	0
65	108	55	257	0
68	110	58	260	0
70	106	60	261	0
72	108	62	265	0
75	110	60	260	0
78	95	57	257	0
80	95	57	250	0
82	95	55	247	0
85	90	58	199	0
85	60	60	245	0
90	62	61	248	0
92	59	56	242	0
86	85	54	135	0
85	86	55	138	0
98	30	20	28	13
52	28	53	3	0
57	30	64	7	0
20	70	52	10	0
18	60	55	12	0
15	62	57	10	0
12	60	60	10	0
15	63	63	10	0
13	66	66	8	0
15	68	69	8	0
270	29	28	4	24
118	22	5	2	30
14	1	1	0	5
78	2	7	1	16
180	4	4	0	27
94	65	103	22	0
178	102	170	28	0
180	95	170	30	0
217	105	170	30	0
237	109	180	35	0
247	115	180	37	0
257	112	184	36	0
118	63	130	23	0
130	65	131	24	0
120	10	109	5	244
26	20	51	8	0
29	130	7	10	0
34	141	7	12	0
125	919	1498	164	70
120	910	1490	160	68
210	0	0	1	10
34	105	145	92	0
22	8	80	70	0
30	10	115	105	0
20	5	120	110	0
28	195	650	65	12
130	24	21	4	12
4141	172	74	18	488
3337	51	43	10	276
815	63	35	8	209
20	175	40	60	0
22	177	43	53	0
22	175	40	53	0
25	180	43	55	0
20	182	45	58	0
25	190	46	60	0
75	192	48	60	0
47	130	18	188	0
52	140	25	192	0
55	144	25	194	0
57	147	28	198	0
60	150	30	201	0
62	157	32	207	0
65	160	35	210	0
35	114	108	207	0
3161	250	1069	216	924
12	160	1	340	0
15	175	2	360	0
20	185	3	385	0
23	192	6	397	0
28	198	8	402	0
20	202	9	410	0
23	208	12	418	0
27	212	15	422	0
30	215	18	425	0
290	273	173	156	66
62	122	12	228	0
65	125	15	230	0
20	80	60	102	0
25	90	75	110	0
20	95	82	98	0
22	98	85	102	0
20	102	88	105	0
20	104	92	109	0
15	101	95	101	0
22	96	102	95	0
16	190	155	110	0
98	36	55	11	0
491	912	3256	367	3177
243	539	2104	253	2170
61	56	49	45	2
35	122	3	162	0
120	50	52	25	1
39	171	4	175	0
48	160	3	160	0
35	140	4	149	0
40	144	4	155	0
42	135	4	136	0
35	140	4	136	0
33	135	4	132	0
30	130	4	132	0
33	130	5	130	0
35	125	6	130	0
35	80	52	96	0
40	70	55	101	0
50	80	72	129	0
60	90	83	142	0
68	95	92	152	0
67	95	95	152	0
72	97	98	156	0
75	100	103	160	0
25	155	19	63	0
43	166	22	69	0
780	270	4	33	0
220	260	2	32	0
150	250	2	25	0
47	41	69	6	137
192	183	241	28	293
5	17	20	42	14
70	123	10	175	0
72	127	12	179	0
70	130	15	180	0
72	132	18	183	0
80	21	83	21	0
4	4	8	0	57
4340	660	769	40	1444
1190	31	11	5	34
22	50	58	26	0
42	53	90	72	0
60	68	90	73	0
50	60	95	76	0
54	66	102	86	0
50	70	110	28	0
40	75	115	32	0
45	80	120	35	0
50	90	125	30	0
44	63	112	27	0
190	1741	1817	690	0
43	95	130	34	0
40	90	125	35	0
45	95	132	36	0
39	100	120	31	0
26	67	108	26	0
30	20	118	26	0
28	10	73	17	0
50	10	52	5	0
45	10	51	19	0
60	17	2	2	6
55	18	1	1	3
55	5	15	4	40
25	5	9	0	29
110	317	498	22	101
45	60	51	20	0
45	28	48	10	2
42	30	47	12	2
45	31	48	13	3
47	15	50	7	4
45	14	50	8	4
48	10	52	9	5
50	3	55	10	6
25	20	20	7	4
10	17	18	2	2
35	108	137	42	0
13	6	52	20	1
190	10	46	21	30
57	91	179	7	390
539	137	171	90	120
85	95	105	88	2
47	92	102	85	0
50	95	115	93	0
52	98	118	96	0
55	100	117	98	0
57	103	121	102	0
61	6	9	4	8
6	130	7	218	0
6	142	8	253	0
7	152	7	240	0
32	30	52	60	0
36	33	56	61	0
72	115	52	88	0
75	118	54	90	0
77	116	56	92	0
80	120	60	95	0
41	35	51	45	0
57	20	6	23	8
30	90	52	30	0
20	70	52	32	0
30	76	60	30	0
35	82	80	38	0
40	85	52	40	0
42	70	53	48	0
45	60	55	45	0
48	62	56	46	0
50	62	60	47	0
53	80	52	38	0
55	75	55	35	0
188	17	0	3	38
31	135	7	69	0
30	130	7	66	0
28	180	4	64	0
72	50	51	26	0
63	43	52	28	0
14	144	3	102	0
21	169	2	71	0
29	182	2	78	0
35	194	2	75	0
40	198	2	81	0
36	195	2	76	0
30	160	2	63	0
42	88	51	35	0
42	50	51	33	0
45	49	53	35	0
29	123	38	65	0
62	128	40	68	0
60	130	42	67	0
62	131	40	69	0
64	130	40	75	0
65	121	39	86	0
85	114	52	110	0
87	121	55	112	0
90	125	57	115	0
92	128	60	118	0
95	130	63	120	0
96	135	65	123	0
100	137	64	124	0
105	136	67	120	0
35	130	65	120	0
85	120	53	110	0
3	26	56	32	0
48	196	165	61	0
35	185	146	66	1
38	190	151	69	1
30	121	157	50	1
26	125	156	51	1
31	103	161	46	1
25	51	135	31	1
24	35	76	16	0
92	76	160	46	1
108	85	171	53	1
101	81	161	47	1
126	96	176	36	1
115	93	185	35	1
130	102	195	41	1
132	96	181	49	0
154	104	198	55	1
155	76	148	23	1
96	99	117	21	0
41	21	63	11	0
48	6	53	14	0
261	356	406	84	1
290	247	258	41	1
36	80	116	41	0
31	21	71	15	0
210	510	530	130	2
162	497	513	142	2
120	230	390	150	2
71	95	110	40	1
56	90	90	35	0
52	96	86	30	0
40	98	88	32	0
42	102	93	30	0
45	105	96	32	0
47	110	100	35	0
50	112	101	36	0
47	112	68	35	0
50	115	70	36	0
47	100	72	37	0
50	102	77	40	0
52	104	80	42	0
55	102	82	40	0
58	104	85	43	0
60	102	88	41	0
60	109	88	39	0
65	105	90	37	0
60	80	67	28	0
65	68	60	26	0
63	59	59	20	0
35	44	52	45	0
42	50	60	50	0
45	53	62	52	0
45	55	65	50	0
47	57	67	53	0
50	60	70	55	0
52	61	71	58	0
50	62	55	60	0
53	65	57	62	0
40	70	60	64	0
45	70	67	70	0
48	72	70	72	0
50	70	72	75	0
49	73	75	78	0
50	75	80	79	0
55	77	85	81	0
58	68	85	82	0
60	65	90	78	0
62	50	88	75	0
65	52	90	78	0
65	50	88	75	0
60	46	90	76	0
60	50	93	76	0
63	50	96	79	0
10	88	169	73	0
17	114	202	77	0
15	109	210	84	0
75	151	165	53	0
52	143	159	47	0
51	139	155	45	0
33	101	118	36	0
38	104	121	35	0
35	91	115	25	0
39	95	120	28	0
36	81	111	32	0
41	85	117	34	0
32	77	96	30	0
35	75	101	25	0
31	70	81	32	0
36	16	62	21	0
41	22	65	24	0
52	31	80	15	0
61	35	94	25	0
65	37	90	18	0
71	30	69	17	0
85	21	67	14	0
87	91	119	26	0
140	91	180	55	0
68	78	96	49	0
85	81	98	48	0
90	85	105	53	0
91	79	89	45	0
86	73	79	38	0
81	90	55	50	0
55	98	60	55	0
55	115	95	60	0
57	108	66	60	0
60	112	68	63	0
50	110	66	70	0
60	120	60	76	0
67	122	52	64	0
70	125	55	66	0
11	30	34	40	2
18	32	44	47	3
24	34	46	48	3
28	38	51	60	3
4	21	41	52	2
22	35	52	13	0
22	40	52	16	0
25	42	55	15	0
28	44	58	18	0
90	105	105	67	0
92	95	108	70	0
95	98	110	72	0
97	96	112	70	0
100	101	114	73	0
105	103	110	72	0
110	99	105	70	0
115	97	98	65	0
120	95	95	65	0
125	93	97	68	0
135	95	95	61	0
145	96	94	63	0
150	97	90	60	0
156	96	92	64	1
25	53	53	47	4
23	25	48	44	3
25	25	44	39	3
25	24	47	38	3
27	15	47	43	4
80	110	120	98	0
72	155	82	78	2
75	157	85	80	1
77	160	87	82	0
80	163	90	85	0
60	165	93	88	0
62	167	95	90	0
65	170	98	92	0
68	163	100	93	0
70	165	102	94	3
72	168	102	78	3
70	156	105	80	4
68	154	103	78	3
70	152	105	80	3
72	150	95	75	3
70	145	90	77	3
52	59	72	16	0
56	63	63	18	1
60	60	55	20	0
55	62	52	15	0
26	30	48	35	2
33	32	53	38	3
34	33	52	40	3
22	27	48	32	2
25	28	51	38	2
17	28	54	39	3
40	27	52	20	0
50	30	57	23	0
90	60	65	47	0
100	65	71	51	0
106	70	75	56	0
37	72	76	57	0
40	75	80	60	0
42	76	72	70	0
40	78	75	73	0
42	80	77	75	0
45	82	80	77	0
47	86	82	80	0
50	88	85	83	0
40	90	87	85	0
38	93	90	87	0
42	95	92	90	0
45	97	95	92	0
48	100	98	95	0
45	103	100	95	0
50	117	80	63	0
48	78	80	40	0
50	80	55	35	0
85	95	62	56	0
87	94	65	55	0
85	92	69	56	0
86	91	74	60	0
87	95	76	38	0
88	94	79	41	1
68	163	100	93	0
60	80	64	28	0
120	535	865	300	2
85	57	1010	510	0
90	60	1030	521	0
60	57	186	136	0
35	48	143	82	0
50	102	132	75	2
58	110	140	80	3
10	100	115	67	0
50	102	120	70	0
186	920	2711	490	21
120	198	2692	470	2
45	170	2442	250	1
45	1	0	1	2
390	130	320	25	310
379	110	204	31	242
350	36	25	2	56
32	40	72	58	0
40	45	80	62	0
44	53	90	60	0
68	98	60	48	0
80	105	65	52	0
85	110	60	50	0
70	102	75	102	0
80	110	90	110	0
20	2	1	0	3
25	12	2	0	25
16	73	96	72	0
30	53	72	48	0
8	114	103	127	0
9	161	149	177	0
18	172	146	160	0
30	95	62	46	0
32	90	65	50	0
35	60	54	25	0
38	64	58	34	0
18	75	64	37	0
21	81	54	30	0
28	84	57	33	0
50	102	62	55	0
25	110	65	60	0
30	115	70	65	0
35	117	73	66	0
28	102	60	66	0
40	117	78	43	0
64	139	60	35	0
67	143	64	37	0
70	147	68	40	0
72	150	72	42	0
75	155	76	44	0
77	158	79	45	0
80	160	82	47	0
1273	1026	1290	241	60
650	490	830	130	41
560	410	790	108	33
510	390	760	98	30
650	435	837	118	40
625	436	839	118	40
620	432	837	116	40
630	435	840	120	40
610	410	820	105	40
550	390	790	95	38
490	350	750	75	38
340	348	710	69	40
330	335	690	68	32
315	304	670	62	30
290	306	670	65	30
250	304	672	65	30
242	306	674	66	31
240	304	676	65	31
240	302	682	65	30
242	300	680	66	32
245	302	682	68	32
247	297	684	70	30
250	300	685	70	32
238	303	687	72	33
240	305	690	75	33
230	302	692	76	33
225	303	690	75	34
208	302	680	63	32
210	304	682	62	33
205	302	680	63	33
200	303	683	65	34
202	302	685	63	34
205	305	684	65	34
210	310	687	68	35
205	308	685	66	35
208	308	690	70	35
205	310	692	70	36
208	308	695	73	35
210	305	695	74	35
210	305	698	75	35
212	303	700	76	35
215	306	702	75	36
202	310	683	64	34
205	313	685	63	35
208	315	687	65	36
210	318	690	70	36
205	320	693	71	37
202	210	358	57	30
205	208	360	58	30
203	201	340	58	30
205	195	330	65	30
203	198	320	59	30
206	195	313	58	30
210	198	315	58	30
208	200	305	56	31
210	203	275	51	31
180	190	265	53	30
165	160	225	40	29
168	141	205	35	28
170	142	195	35	28
150	145	192	38	28
138	147	190	40	29
310	305	672	63	30
131	140	192	42	30
90	142	195	45	30
70	145	198	48	30
65	140	195	45	27
60	121	180	42	25
58	112	165	38	24
60	109	163	40	25
50	96	122	30	21
52	98	125	30	20
53	94	117	23	19
55	92	110	25	18
53	79	80	13	17
55	77	76	10	16
50	23	55	1	2
208	365	1450	85	63
205	360	1445	70	62
210	350	1450	71	62
207	310	1008	69	59
183	191	257	55	31
173	176	243	48	31
171	168	233	43	31
190	245	391	60	10
166	233	362	56	8
105	190	331	51	5
98	176	345	35	4
101	192	360	40	5
112	211	395	45	7
131	233	391	38	7
145	243	411	45	9
165	251	375	31	6
156	231	389	34	8
189	251	331	38	8
221	263	356	40	8
294	261	365	41	10
330	275	385	45	11
298	181	605	89	12
251	175	408	52	9
261	191	291	31	11
225	170	265	33	9
196	150	230	35	9
134	125	191	32	7
115	92	120	18	4
102	36	110	14	3
40	51	65	10	0
3276	3586	2280	264	38
1920	3010	1946	218	34
1645	2100	1408	161	26
620	485	510	61	18
783	490	451	45	15
801	501	462	50	11
890	410	478	51	11
990	390	487	55	12
230	420	503	62	14
115	430	509	53	14
125	330	494	48	12
118	316	510	35	12
221	164	296	28	10
261	154	266	27	7
393	134	249	30	9
549	183	358	47	16
231	190	372	61	20
269	188	338	43	14
191	226	393	50	18
189	201	331	47	18
246	120	210	25	10
95	134	246	33	11
108	89	172	17	10
35	70	197	22	7
41	65	109	15	3
45	60	120	18	5
75	29	67	9	2
75	20	57	9	0
44	42	43	75	2
45	40	44	80	3
40	35	34	73	5
105	35	3	65	13
1128	180	277	28	1271
543	178	261	30	959
408	86	163	28	590
108	49	69	9	1
220	310	55	8	9
190	292	371	32	6
203	307	382	35	7
212	245	315	20	8
141	252	330	22	10
137	167	232	27	6
85	30	56	2	1
310	706	976	100	20
219	718	904	114	18
275	634	844	106	13
90	476	663	81	12
84	414	550	73	10
165	190	313	33	4
190	85	148	17	2
266	80	115	18	3
190	64	94	11	2
290	35	64	7	1
332	38	55	8	2
445	838	1062	142	12
397	763	929	124	11
346	673	907	122	10
442	672	828	107	11
490	689	836	110	12
279	767	947	122	12
158	346	537	65	5
84	129	227	29	3
452	690	867	116	12
21	15	51	8	0
32	95	52	10	0
35	100	54	12	0
270	15	9	2	53
193	25	26	14	32
15	20	53	37	0
60	312	12	32	0
212	233	220	55	121
121	35	22	7	45
136	37	22	6	40
28	25	26	3	2
952	130	0	6	0
38937	4099	0	146	0
148	129	238	60	0
105	98	180	32	0
8	40	112	10	0
18	45	136	11	0
20	50	145	12	0
25	53	150	12	0
27	53	153	11	0
30	62	183	16	0
33	69	200	17	0
35	62	181	14	0
24	48	150	12	0
22	50	152	12	0
25	53	163	13	1
20	36	114	10	0
60	11	18	1	30
13	24	65	10	0
2	21	56	0	0
11	35	56	14	0
11	37	57	15	0
23	98	168	77	0
45	141	220	96	0
36	98	170	75	0
34	112	186	78	0
13	39	52	20	0
16	30	53	19	0
52	54	76	38	0
42	48	68	29	0
48	50	66	30	0
50	52	56	30	0
53	48	55	28	0
60	74	117	29	4
56	67	90	31	2
60	70	85	35	2
45	38	62	25	2
41	35	56	27	3
35	34	48	14	2
38	36	51	8	2
20	40	53	8	2
21	25	44	4	2
115	85	73	13	8
105	79	75	16	8
82	83	65	6	8
65	89	58	7	7
60	45	60	8	6
63	48	62	8	5
42	32	50	6	4
45	35	35	5	5
41	21	32	8	5
35	15	30	7	4
31	5	24	5	4
32	6	22	6	4
28	5	16	4	3
31	3	18	5	4
35	3	20	4	5
38	2	22	3	6
37	1	20	2	5
40	1	24	3	6
43	2	25	4	6
46	3	27	9	6
46	3	25	7	6
45	2	25	7	6
50	2	28	8	6
51	3	24	5	6
40	2	14	4	5
21	4	13	6	4
25	2	16	5	4
7	3	4	2	2
6	4	4	2	2
9	6	5	2	3
17	6	5	3	4
2	2	3	1	3
7	2	3	1	3
12	5	4	1	6
12	5	4	1	11
34	4	5	1	12
46	6	6	1	15
104	7	6	2	18
22	2	3	0	10
5	1	2	0	5
135	160	27	12	43
35	15	51	20	0
119	39	56	26	0
110	38	55	24	0
95	35	54	23	0
52	38	52	25	0
12	28	56	11	0
20	28	60	12	0
30	26	60	12	0
32	36	66	12	0
22	26	51	12	0
148	396	481	131	1
165	405	485	135	2
145	373	434	99	1
141	352	403	59	3
130	325	372	55	3
131	256	261	38	2
85	98	235	50	1
63	58	204	40	1
62	61	188	25	1
65	55	181	26	1
61	33	155	25	1
42	31	104	21	0
32	24	96	18	0
35	21	90	21	0
24	12	75	18	0
60	8	10	2	7
78	13	12	2	8
75	7	11	2	8
9	12	12	3	6
35	20	9	7	7
40	21	9	7	7
40	20	8	7	7
42	16	8	7	7
45	13	8	8	7
42	10	8	9	7
40	11	8	7	8
41	16	9	7	7
38	15	10	7	9
42	16	12	8	10
38	15	12	7	10
40	14	12	7	10
30	9	9	7	9
33	8	7	7	8
32	5	7	7	7
32	5	7	8	7
35	5	4	8	6
34	5	3	8	2
36	5	1	0	2
36	4	1	0	2
100	9	6	4	10
120	8	20	7	14
52	7	10	2	5
13	4	7	1	7
38	35	30	9	8
43	36	30	10	8
47	35	32	10	8
41	32	32	10	7
42	35	28	8	6
40	38	28	8	7
42	35	26	8	7
30	24	20	8	4
121	8	20	6	13
12	13	10	7	2
58	92	144	32	0
45	65	115	33	0
961	365	772	201	269
1134	402	804	196	318
4	1	1	0	2
168	25	56	7	89
156	27	59	7	96
96	20	27	12	40
63	14	18	8	29
48	11	16	40	28
38	7	14	6	22
41	8	12	5	19
39	7	12	5	19
35	7	9	5	15
37	7	10	5	15
37	7	9	4	15
25	7	8	3	13
25	4	5	2	8
23	3	5	2	7
19	3	4	2	6
4	1	2	1	2
511	82	127	41	138
550	80	125	40	141
5	2	5	1	5
29	7	15	4	13
4	2	13	3	15
63	113	348	51	1
78	106	330	48	1
39	88	241	39	0
44	78	228	38	0
45	80	204	31	0
33	70	201	26	0
36	76	209	29	0
34	84	230	29	0
38	88	235	36	0
39	82	237	37	0
29	72	218	34	0
13	32	105	14	0
17	29	95	11	0
6	27	89	11	0
4	20	52	8	0
27	21	63	11	1
22	22	72	9	1
15	5	4	0	3
5	50	58	40	0
7	56	71	49	0
9	46	56	38	0
508	2089	1855	523	0
190	1610	1230	360	0
220	1210	1190	331	0
85	2	2	1	2
105	8	0	0	3
10	30	53	15	0
93	4	0	0	7
98	6	0	1	2
110	10	0	0	3
112	8	0	0	4
120	10	0	0	4
110	10	0	1	2
69	23	43	10	28
32	40	51	27	0
35	44	54	30	0
29	43	58	31	0
32	46	51	22	0
35	49	54	24	0
351	347	298	16	14
145	80	132	7	7
35	50	80	20	0
50	5	2	2	2
12	6	8	2	2
18	8	6	2	2
15	8	7	2	2
19	8	8	2	3
42	22	20	21	4
44	22	21	22	4
46	22	21	22	4
38	25	21	22	4
40	25	21	21	4
35	25	22	21	4
36	22	21	22	4
35	24	20	22	4
37	22	20	23	4
39	22	20	24	4
38	25	20	25	4
38	24	20	26	4
40	24	20	27	4
40	25	20	30	4
32	25	20	30	4
95	3	5	1	3
90	3	1	0	2
105	10	5	0	3
50	2	3	1	2
25	11	13	7	4
21	10	13	7	5
29	13	15	8	9
23	11	15	7	9
29	12	15	7	10
37	10	14	6	9
20	2	10	1	2
617	40	4	30	4
503	35	4	28	5
511	35	4	29	5
563	32	3	22	5
589	33	3	23	4
660	33	3	23	4
580	28	2	19	4
611	29	3	18	3
765	47	4	28	4
551	24	2	14	3
542	23	3	14	3
387	13	3	12	2
112	14	4	14	3
15	51	51	50	0
30	129	59	57	0
48	50	17	21	2
52	50	17	21	3
46	50	17	21	3
50	53	18	24	3
190	6	10	2	16
169	5	1	0	11
19	3	0	0	3
175	13	6	4	5
13	4	4	2	2
11	4	4	2	2
135	15	9	5	8
115	15	9	4	7
15	9	8	4	2
13	9	8	5	2
10	4	5	3	2
12	2	4	3	2
15	2	5	3	2
22	2	4	3	2
20	31	55	8	0
29	30	52	8	0
26	9	59	12	0
30	10	54	15	0
28	167	263	120	0
33	180	277	119	0
39	187	294	124	0
34	180	287	121	0
48	192	326	139	0
30	190	312	136	0
42	133	209	86	0
41	126	206	86	0
42	120	199	86	0
29	80	134	58	0
18	48	81	34	0
17	45	75	31	0
7	0	0	0	3
38	28	51	25	0
54	67	71	36	0
66	95	83	35	0
53	96	81	41	0
60	105	96	30	0
63	96	87	26	0
75	35	31	13	28
60	24	23	12	15
60	22	57	18	0
48	32	53	11	0
52	35	56	10	0
55	38	60	12	0
50	33	52	15	0
55	35	56	16	0
43	32	52	19	0
38	34	56	21	0
35	37	52	9	0
38	20	52	8	0
48	23	56	10	0
54	28	68	12	0
61	32	74	15	0
68	38	88	18	0
602	57	61	19	132
875	226	385	35	516
28	22	52	30	0
1816	501	533	133	0
2015	480	506	132	0
507	557	553	137	0
485	525	530	135	0
490	507	511	128	0
497	313	312	80	0
43	66	64	17	0
45	65	65	18	0
90	288	296	100	0
92	282	298	101	0
93	283	300	104	0
95	286	303	106	0
98	287	305	108	0
95	290	310	110	0
75	220	285	96	0
74	218	282	95	0
76	220	286	97	0
45	108	212	62	0
42	105	210	63	0
43	106	212	64	0
42	108	214	65	0
40	98	202	54	0
38	96	200	55	0
35	98	202	51	0
20	84	194	40	0
22	85	100	27	0
25	84	103	29	0
28	82	107	23	0
25	95	52	43	0
28	97	57	45	0
30	100	60	46	0
25	32	62	47	0
28	30	65	10	0
20	23	68	5	1
99	3202	3058	996	8
78	1798	1294	736	0
77	85	87	21	0
61	17	8	10	2
65	19	10	11	3
10	5	107	5	0
15	60	116	20	0
58	31	57	0	222
19	9	5	3	20
121	45	25	45	15
15	20	70	35	0
943	324	230	30	247
95	10	20	3	16
9	114	170	122	0
13	125	181	125	0
14	92	145	102	0
11	105	161	111	0
21	62	58	36	0
30	40	55	36	0
40	55	66	45	0
47	35	57	45	0
40	28	55	42	0
37	30	55	45	0
40	30	58	46	0
45	32	60	48	0
45	35	62	52	0
41	25	60	49	0
36	16	63	46	0
31	12	66	43	0
92	128	155	48	0
94	132	145	51	0
80	110	110	52	0
76	113	112	53	0
69	94	87	34	0
63	75	81	30	0
65	55	71	27	0
11	30	51	15	0
73	36	20	38	2
153	520	870	139	0
130	28	18	27	2
132	30	20	30	3
130	20	5	15	2
140	32	6	8	2
143	34	8	9	3
147	37	10	12	3
145	32	8	3	4
147	35	10	4	3
150	38	7	2	4
123	40	8	2	4
125	40	10	3	4
25	23	12	3	2
45	40	60	23	27
47	35	60	25	29
50	37	62	23	30
52	30	18	22	31
53	28	20	23	31
55	25	21	26	32
56	22	21	25	31
58	20	22	4	30
60	20	13	5	32
63	23	15	5	32
65	25	13	5	33
62	22	15	4	33
63	20	15	5	30
65	18	16	5	31
67	15	18	5	28
69	16	19	5	25
15	10	10	2	24
15	5	10	2	12
10	5	11	3	6
20	5	4	2	11
15	0	4	2	6
15	0	4	2	6
95	5	6	10	14
84	0	8	4	21
320	9	19	3	57
93	6	11	1	36
247	30	27	4	61
172	20	20	4	45
18	0	1	0	3
15	0	0	0	3
221	90	22	4	85
86	0	5	0	19
102	0	16	10	57
85	0	5	5	2
470	70	120	52	65
225	68	77	36	3
12	7	45	7	2
880	360	1987	310	23
900	340	1946	296	23
120	60	20	10	38
10	10	10	8	2
12	5	8	5	3
14	19	33	16	2
18	4	5	5	2
20	4	6	5	3
25	4	8	6	5
23	4	7	7	5
16	2	5	7	4
11	1	4	3	2
86	17	15	12	2
64	115	170	48	0
66	118	172	49	0
65	58	80	78	0
70	60	84	80	0
3	70	55	103	0
3	75	58	110	0
2	84	66	132	0
41	43	53	71	0
62	93	52	20	0
45	10	52	50	0
8	19	28	13	2
8	17	28	12	3
5	16	25	9	2
15	6	7	2	2
16	5	7	3	2
18	5	7	3	3
15	6	6	2	2
77	44	64	21	11
65	40	58	20	8
68	31	50	22	8
51	34	58	26	8
40	32	58	27	8
37	35	60	30	8
35	35	60	28	8
40	38	67	32	8
46	40	70	35	0
44	40	70	36	0
48	40	72	38	0
55	40	70	40	0
58	45	75	45	0
65	48	78	46	0
59	35	60	42	0
62	30	62	40	0
65	25	65	35	0
58	80	58	20	0
62	83	62	20	0
64	85	65	20	0
61	81	62	19	0
3	64	51	81	0
32	43	61	45	0
35	46	63	48	0
31	39	66	51	0
30	20	52	35	0
4	55	55	79	0
4	69	62	91	0
25	70	80	30	0
20	37	66	26	0
25	112	133	26	0
22	71	64	23	0
104	84	90	53	0
11	40	65	29	0
22	38	58	26	0
52	86	120	72	0
54	85	125	71	0
58	85	128	70	0
64	97	144	77	0
62	96	141	76	0
66	98	146	80	0
51	86	73	44	0
38	79	69	46	0
40	83	75	51	0
41	89	79	54	0
25	85	75	44	0
45	5	55	22	0
70	77	64	15	0
82	55	80	21	0
97	61	91	30	0
105	61	96	35	0
69	66	76	18	1
69	66	76	18	1
75	61	76	16	0
81	60	82	19	0
91	66	91	22	0
96	71	96	25	0
87	68	86	18	0
61	73	91	19	0
66	79	101	22	0
71	82	107	24	0
76	86	116	30	0
81	90	122	33	0
90	95	130	38	0
97	111	139	40	0
45	115	143	43	0
22	46	67	20	0
67	60	83	22	0
70	64	86	25	0
22	31	52	16	0
91	70	51	34	0
92	72	52	35	0
59	75	94	20	0
10	3	93	25	0
67	47	51	20	0
72	45	52	4	0
19	38	55	22	0
40	52	52	25	0
30	48	55	10	0
42	93	118	30	0
40	95	120	32	0
42	98	122	30	0
45	100	125	29	0
95	135	210	56	0
98	140	216	59	0
100	138	175	58	0
102	132	129	58	0
105	134	128	55	0
110	136	125	50	0
110	137	124	50	0
116	138	120	45	0
120	140	122	43	0
125	96	126	35	0
127	98	120	38	0
105	5	55	20	0
15	20	51	38	0
85	88	62	88	0
88	90	65	85	0
85	87	61	84	0
85	83	61	87	0
89	87	60	88	0
70	85	60	20	0
73	58	62	18	0
25	39	55	101	0
96	86	51	90	0
72	64	84	21	123
35	73	22	144	2
22	66	22	148	2
22	70	23	150	2
20	72	25	155	2
26	82	24	160	2
22	82	26	164	2
21	75	26	144	2
20	28	6	7	6
30	32	9	9	9
12	25	10	8	6
15	30	8	14	2
542	289	541	193	215
45	150	87	135	0
144	50	41	3	60
12	20	9	2	6
40	115	55	40	0
36	117	91	63	0
38	115	70	65	0
110	205	411	101	0
112	206	413	104	0
131	229	446	109	0
125	225	439	106	0
121	211	441	102	0
105	195	421	95	0
95	198	416	98	0
91	190	405	95	0
93	186	385	101	0
101	192	377	102	0
113	194	371	90	0
108	204	345	75	0
115	211	321	46	0
111	201	271	50	0
125	210	286	55	0
115	191	252	61	0
61	195	257	56	0
65	188	251	61	0
80	178	255	41	0
76	181	235	41	0
80	145	203	44	0
87	118	187	26	0
91	128	191	25	0
94	115	210	30	0
101	134	221	38	0
105	160	266	44	0
101	143	276	49	0
121	152	250	45	0
136	161	271	50	0
161	175	291	56	1
103	345	430	64	0
110	331	401	62	0
105	360	412	65	0
115	371	422	66	0
105	390	401	60	0
120	460	486	71	0
111	480	471	68	0
101	512	487	75	0
105	571	460	75	0
112	591	450	70	0
93	597	401	64	0
105	615	410	61	0
130	641	430	66	0
120	651	426	65	0
110	663	420	66	0
95	672	405	65	0
101	680	416	66	0
127	494	361	54	0
71	393	401	76	0
91	403	412	81	0
95	413	432	86	0
110	395	475	91	0
60	405	503	102	0
90	298	425	72	0
146	390	460	82	0
106	291	477	85	1
136	270	466	76	0
160	281	475	81	0
149	316	486	87	0
219	124	201	34	0
325	200	317	56	0
161	170	282	50	0
272	178	258	43	0
134	250	381	58	0
36	249	335	38	0
40	165	261	30	0
50	176	290	39	0
71	186	309	46	0
78	190	330	51	0
81	181	312	47	0
86	190	320	50	0
91	181	326	46	0
83	190	332	51	0
92	208	341	54	0
106	221	317	49	0
37	201	313	50	0
31	214	326	50	0
64	194	301	48	0
70	186	311	57	0
63	105	182	31	0
77	108	173	26	0
43	52	97	16	0
80	85	370	60	0
63	44	310	41	0
70	50	333	50	0
51	38	292	30	0
55	42	305	39	0
70	30	395	58	0
60	26	312	46	0
89	32	237	34	0
96	36	218	31	0
105	93	196	78	0
103	41	183	22	0
112	46	202	30	0
120	50	215	32	0
135	60	213	38	0
153	40	198	42	0
170	30	176	32	0
190	25	155	16	0
162	26	158	18	0
170	30	163	15	0
172	20	168	22	0
190	26	163	25	0
190	35	160	25	0
160	30	150	30	1
180	32	160	33	1
190	35	168	35	1
205	38	179	36	1
192	33	160	33	1
190	30	166	30	1
172	28	170	32	1
181	30	178	36	1
135	40	155	40	2
130	32	140	30	2
120	30	133	22	1
105	22	132	19	0
95	20	126	18	0
103	20	119	22	0
55	8	99	19	0
540	810	695	98	2
520	750	697	100	1
490	690	695	103	1
450	610	680	105	1
430	570	690	110	2
410	510	640	105	2
390	490	650	101	2
356	480	650	108	3
366	490	610	102	2
390	480	595	98	1
420	450	575	96	1
410	430	565	98	1
402	420	556	95	1
410	412	560	98	1
402	409	566	100	1
410	412	573	102	1
404	322	436	72	1
410	320	440	70	1
430	324	446	72	1
452	333	448	76	1
470	312	450	72	0
488	309	442	68	0
480	315	455	74	0
460	338	478	85	0
470	352	498	90	0
455	370	515	95	0
435	395	548	98	0
338	482	716	114	1
338	420	550	88	0
414	526	696	121	2
291	447	560	86	3
176	455	516	72	2
180	460	520	75	2
130	122	451	73	2
110	125	142	75	0
62	101	70	65	0
60	30	75	55	0
203	736	1212	380	0
88	332	546	183	0
66	292	497	165	0
38	69	76	24	0
167	514	638	302	0
130	316	452	196	0
67	78	114	67	0
32	63	92	58	0
37	78	108	68	0
14	55	76	50	0
61	90	78	71	0
42	71	67	73	0
45	72	70	60	0
41	75	70	62	0
45	80	72	60	0
100	123	65	95	0
102	125	68	98	0
105	128	72	102	0
110	131	76	104	0
102	120	61	90	0
105	122	64	75	0
18	32	52	16	0
66	170	439	76	0
25	31	61	20	0
18	25	55	17	0
15	21	51	15	0
50	87	4	2	4
53	92	5	2	5
54	91	2	2	5
53	92	3	3	4
54	90	3	3	4
37	90	1	0	2
69	65	63	20	15
69	67	65	20	11
31	50	38	9	10
90	60	58	30	0
100	70	60	30	0
102	72	62	30	0
104	75	65	32	0
100	72	63	30	0
102	70	65	32	0
106	72	67	35	0
89	30	65	11	0
3340	7500	4869	2180	2
2380	5352	3472	1552	1
2385	5355	3475	1550	1
2386	5358	3478	1558	1
1920	4310	3010	1410	1
1710	3910	2890	1251	0
1528	3551	2372	1232	0
1474	2425	1243	741	0
765	1210	730	480	0
760	905	351	245	0
754	834	282	243	0
350	655	236	190	0
207	495	190	149	0
210	492	188	147	0
195	495	190	150	0
190	490	170	152	0
170	470	160	145	0
150	410	150	130	0
110	310	110	105	0
2510	3610	1710	1520	0
2010	3205	1618	1485	0
1975	3210	1620	1490	0
1905	3105	1571	1410	0
1810	3090	1575	1402	0
1795	3060	1578	1406	0
1780	3010	1580	1410	0
1790	2295	1379	1010	0
1795	2190	1320	910	0
1802	2110	1310	855	0
1805	2100	1306	850	0
1830	2005	1310	805	0
1832	1970	1290	780	0
1830	1965	1270	760	0
1832	1925	1205	750	0
1830	1924	1202	749	0
1810	1920	1200	747	0
1820	1928	1204	750	0
1710	1927	1200	710	0
1615	1930	1202	701	0
1617	1910	1205	695	0
1620	1810	1210	680	0
1560	1712	1120	590	0
1558	1710	1012	575	0
1556	1708	918	523	0
1550	1710	920	525	0
1554	1711	923	526	0
1010	1310	820	476	0
130	1103	752	422	0
128	1105	750	420	0
130	1108	752	420	0
133	1105	750	422	0
135	1104	752	420	0
136	1102	750	422	0
140	1103	752	420	0
130	1105	755	422	0
132	1108	758	424	0
135	1110	760	422	0
130	1113	758	425	0
112	1108	760	415	0
115	1105	762	418	0
105	1060	760	415	0
90	1010	762	413	0
90	1012	760	415	0
85	1010	762	413	0
79	1002	760	415	0
76	998	758	412	0
74	998	756	406	0
72	995	758	405	0
75	990	760	390	0
75	992	758	392	0
78	982	762	392	0
80	980	765	390	0
78	982	767	392	0
80	980	770	390	0
82	910	750	380	0
80	908	740	372	0
82	910	742	370	0
80	895	744	368	0
75	335	614	298	0
60	170	325	158	0
50	162	214	86	0
33	80	60	64	0
90	177	110	179	0
90	177	110	179	0
92	175	85	180	0
69	108	121	75	0
65	90	98	63	0
51	72	89	33	0
46	55	71	36	0
51	58	77	39	0
56	61	71	20	0
19	53	65	22	0
17	56	68	24	0
90	175	90	180	0
72	87	61	67	0
230	1066	1245	360	1
226	824	928	311	1
29	617	676	218	1
82	172	237	76	0
683	655	852	273	1
229	890	967	282	1
278	924	1042	300	1
107	543	619	173	0
162	470	554	169	0
94	463	543	163	0
198	538	530	100	0
67	391	460	92	0
64	308	309	74	1
30	50	140	31	0
41	43	71	70	0
31	40	65	20	0
38	29	52	12	0
53	32	58	13	0
59	35	60	14	0
61	304	611	177	0
50	302	566	162	0
57	235	458	130	0
70	270	482	131	0
60	264	495	130	0
62	226	471	121	0
63	230	498	129	1
56	220	470	98	0
60	190	462	102	0
66	180	450	96	0
66	181	456	97	0
71	187	467	102	0
75	180	453	116	0
79	185	450	122	0
80	170	455	115	0
76	166	422	113	0
86	175	436	111	0
78	170	415	109	0
72	156	387	98	0
86	165	396	116	0
82	172	237	76	0
91	151	406	103	0
56	145	342	110	0
60	155	360	90	0
63	160	353	88	0
52	122	288	71	0
57	22	298	76	0
60	3	90	25	0
51	3	95	29	0
44	55	63	38	0
100	135	135	90	0
103	135	140	93	0
105	140	142	95	0
65	130	145	97	0
67	132	147	100	0
70	135	150	102	0
60	101	95	65	0
35	102	97	66	0
32	104	100	68	0
584	2595	2655	908	0
534	2444	2445	935	0
562	2524	2019	553	0
527	2815	1615	501	0
481	2690	1535	461	0
463	2565	1490	430	0
440	2280	1150	330	0
420	2395	1130	320	0
410	2380	1090	310	0
375	2365	910	256	0
303	2573	887	237	0
259	1785	675	177	0
148	1400	505	133	0
131	130	410	101	0
12	101	145	35	0
15	108	149	41	0
12	103	122	33	0
15	138	135	37	0
51	155	120	32	0
51	147	136	35	0
30	121	115	26	0
36	125	121	33	0
41	131	120	38	0
51	109	78	22	0
60	102	82	22	0
69	87	86	26	0
98	36	53	10	0
80	44	59	15	0
40	67	134	43	0
27	65	163	45	0
37	76	136	32	0
55	51	130	31	0
47	48	120	31	0
51	53	126	33	0
45	60	132	33	0
40	50	133	32	0
35	40	103	20	0
36	42	72	35	0
43	20	56	10	0
47	26	62	12	0
60	30	75	17	0
52	32	65	15	0
46	102	146	40	0
50	110	151	45	0
45	115	150	55	0
35	99	144	55	0
50	109	167	60	0
40	102	150	52	0
40	42	145	50	0
32	102	143	47	0
35	105	150	50	0
25	62	107	18	0
26	65	80	15	0
25	70	70	15	0
27	80	66	14	0
20	90	65	15	0
22	95	60	15	0
50	57	66	20	0
54	60	70	20	0
52	58	60	14	0
54	60	62	16	0
57	63	65	18	0
60	65	60	20	0
30	57	52	22	0
32	60	53	20	0
35	62	55	20	0
37	65	53	17	0
42	70	51	18	0
35	99	74	21	0
21	60	60	23	0
40	70	56	45	0
40	72	58	44	0
42	70	60	45	0
45	62	58	44	0
48	65	60	45	0
45	68	63	47	0
48	62	68	50	0
45	60	60	45	0
42	53	54	30	0
45	55	56	30	0
46	57	58	30	0
45	60	60	31	0
47	62	62	33	0
50	65	65	35	0
52	67	67	38	0
50	69	70	40	0
52	72	72	41	0
55	76	75	43	0
57	78	77	45	0
60	80	80	47	0
57	81	80	46	0
60	82	83	49	0
62	84	86	50	0
63	86	88	53	0
65	88	91	56	0
76	94	105	64	0
70	90	70	50	0
60	47	53	33	0
50	49	56	35	0
60	60	65	45	0
48	50	59	35	0
45	40	56	30	0
40	30	51	23	0
42	43	56	37	0
45	48	60	40	0
30	47	55	40	0
25	50	51	40	0
23	47	52	40	0
20	40	51	23	0
22	40	53	25	0
20	42	54	26	0
18	43	56	28	0
20	45	58	30	0
18	47	60	32	0
20	50	62	35	0
20	47	60	35	0
23	53	65	37	0
26	55	68	40	0
22	50	63	42	0
20	52	66	43	0
20	50	65	45	0
18	48	53	33	0
22150	330	189	62	0
21508	322	183	55	0
19571	305	181	53	0
14050	302	182	55	0
12239	296	180	57	0
9894	292	176	54	0
9359	294	176	57	0
5509	110	130	50	0
4693	100	128	48	0
2410	60	125	46	0
1162	30	122	28	0
10	20	120	27	0
5	19	118	27	0
24068	611	372	91	0
16680	472	286	71	0
12643	307	115	47	0
1347	145	102	45	0
250	140	98	47	0
110	120	51	19	0
1156	968	553	188	0
890	778	505	150	0
830	725	506	152	0
728	720	505	150	0
640	710	507	152	0
620	698	509	150	0
607	684	509	136	0
596	679	500	128	0
553	648	502	130	0
520	550	505	132	1
510	532	502	130	1
512	530	500	128	1
496	518	502	130	1
477	520	505	128	1
380	517	502	130	1
376	520	505	128	1
256	510	500	130	1
190	505	503	128	2
110	502	500	130	1
75	500	503	135	1
58	490	502	138	0
11	61	73	22	0
3853	1058	1004	467	3
1613	356	285	144	0
198	89	81	44	0
24	48	52	24	0
335	1690	2143	788	0
256	1609	1615	578	0
7	156	194	65	0
95	1718	1683	559	1
80	428	647	145	0
83	432	650	148	0
85	435	650	150	0
83	422	622	130	0
85	420	620	132	0
80	360	550	110	0
70	335	460	92	0
62	245	358	64	0
38	125	225	49	0
35	110	190	45	0
32	90	135	35	0
30	70	120	30	0
32	65	108	24	0
35	68	110	23	0
35	52	88	20	0
32	48	70	18	0
30	37	69	17	0
25	23	53	9	0
410	1693	1478	375	4
38	60	104	25	0
54	743	733	196	1
55	486	504	135	1
50	450	445	120	1
45	448	442	120	1
40	165	359	102	0
38	162	308	92	0
35	169	309	92	0
32	148	157	60	0
30	134	139	53	0
29	68	102	34	0
71	305	449	83	0
68	299	443	79	0
66	251	368	71	0
40	32	66	52	0
42	30	72	56	0
48	20	76	60	0
27	15	62	53	0
40	20	65	55	0
70	60	60	42	0
74	69	67	46	0
30	106	70	52	0
32	109	72	50	0
35	85	75	50	0
30	82	69	48	0
25	68	71	50	0
650	497	648	135	0
656	500	653	139	0
605	408	458	95	0
610	410	460	97	0
609	413	468	98	0
361	239	287	58	0
70	59	93	26	0
40	49	70	20	0
590	386	560	129	0
592	378	551	133	0
378	309	326	78	0
100	83	84	23	0
805	1918	1748	486	1
112	1356	1307	360	3
37	295	302	82	1
702	2210	1970	820	0
705	2010	1820	760	0
708	1930	1752	722	0
705	1860	1340	710	0
710	1810	1150	640	0
566	1277	971	461	0
240	810	933	400	0
220	550	450	250	0
210	390	310	206	0
107	289	241	102	0
62	172	158	65	0
1195	1995	1955	905	3
1190	1990	1950	902	2
1180	1995	1947	905	1
1176	1992	1940	902	1
1180	1995	1942	905	1
1182	1993	1940	903	2
1180	1990	1942	906	2
1190	1995	1950	910	3
1150	1890	1890	870	3
1010	1815	1840	871	3
950	1640	1729	861	3
900	1450	1610	805	3
880	1250	1420	785	3
882	991	1205	790	3
890	990	1120	760	1
890	905	1087	762	0
900	910	1090	765	0
903	895	1075	767	0
905	870	1060	770	0
910	850	1040	780	0
978	910	795	493	0
980	905	796	495	0
985	895	798	495	0
990	880	790	490	0
1122	990	990	650	0
1130	970	880	520	0
1120	945	810	475	0
1131	934	793	467	0
120	221	293	140	0
90	193	210	90	0
80	190	198	75	0
75	187	195	55	0
78	190	198	57	0
77	192	199	56	0
84	190	198	58	0
80	190	195	60	0
82	192	192	60	0
80	190	190	60	0
70	192	192	62	0
72	190	193	60	0
75	190	190	62	0
78	192	192	63	0
80	190	190	65	0
40	110	140	50	0
20	100	123	36	0
22	103	125	38	0
20	105	128	40	0
18	92	120	37	0
20	94	122	40	0
22	92	125	42	0
24	95	128	45	0
22	90	126	46	0
20	80	124	48	0
20	82	126	48	0
22	83	128	50	0
20	85	130	52	0
22	86	128	50	0
22	83	127	50	0
25	85	130	52	0
20	75	122	48	0
22	73	120	48	0
18	68	110	50	0
15	70	103	45	0
12	68	105	46	0
15	69	110	49	0
15	69	110	49	0
10	15	120	52	0
10	11	117	50	0
10	12	61	43	0
22	39	74	21	0
50	168	236	55	0
53	170	240	58	0
50	163	215	54	0
53	165	218	55	0
55	168	220	58	0
58	170	222	60	0
60	173	225	62	0
63	168	200	64	0
61	160	196	60	0
57	156	189	48	0
45	145	180	35	0
46	131	162	33	0
28	89	107	18	0
30	90	108	18	0
28	92	110	20	0
30	94	113	20	0
32	95	115	20	0
30	90	105	21	0
25	70	90	18	0
22	50	73	15	0
20	52	74	14	0
22	36	62	13	0
20	23	51	8	0
50	155	368	59	0
45	116	308	50	0
40	100	310	50	0
43	95	289	50	0
45	96	287	50	0
40	82	285	51	0
40	73	275	50	0
35	69	265	45	0
25	69	199	43	0
15	50	135	35	0
10	41	107	17	0
10	20	83	16	0
28	453	1267	158	0
25	433	1260	154	0
25	419	1197	141	0
25	169	350	68	0
28	140	352	69	0
25	137	260	58	0
68	385	403	132	0
65	380	388	128	0
67	371	368	122	0
62	348	360	118	0
60	350	357	120	0
61	349	258	119	0
58	344	350	115	0
55	325	347	110	1
58	292	334	112	1
55	290	335	110	1
58	288	338	108	1
60	290	340	110	1
58	285	337	108	1
60	288	340	110	1
58	285	339	112	1
60	283	323	115	1
65	280	325	113	1
62	275	320	115	0
60	273	322	118	0
63	275	325	120	0
45	274	327	122	0
40	260	238	88	0
35	120	150	64	0
33	115	147	53	0
35	112	143	55	0
35	115	141	56	0
30	59	56	31	0
20	75	56	47	0
2504	88	79	18	0
2797	101	72	22	0
1900	171	4	24	0
41	908	1497	806	1
50	102	91	24	0
165	15	18	15	2
150	18	22	20	2
157	20	25	24	2
186	30	10	5	2
202	21	14	3	4
210	25	15	4	3
219	28	16	6	3
141	32	19	7	4
115	30	7	6	2
7	45	12	38	4
19	7	8	2	3
22	6	7	2	3
18	48	52	45	0
19	50	56	47	0
195	516	2138	253	27
172	488	1754	204	23
130	190	120	21	3
80	320	750	130	0
82	320	757	133	0
82	328	748	132	0
80	323	760	135	0
83	325	765	138	0
190	623	1290	365	0
182	594	1231	322	0
174	573	1159	305	0
155	564	1145	297	0
167	534	1070	275	0
121	506	965	255	0
118	475	917	241	0
95	451	876	233	0
90	411	811	201	0
86	331	695	189	0
78	312	665	155	0
65	279	606	145	1
55	191	464	105	0
45	131	271	77	0
23	63	173	54	0
19	33	51	31	0
116	463	492	175	1
121	475	431	161	1
133	490	351	155	1
110	511	299	161	0
105	521	247	160	0
93	499	251	149	0
71	433	256	112	0
78	407	261	119	0
71	398	255	111	0
75	380	241	116	0
80	375	235	121	0
88	355	225	115	0
31	105	104	45	0
45	141	211	45	0
51	124	195	61	0
35	90	140	31	0
32	86	122	28	0
25	35	51	9	0
25	61	97	23	0
26	31	51	11	0
3604	161	17	26	0
105	0	24	4	12
103	0	22	4	12
28	138	87	169	0
98	483	1288	222	0
125	522	1478	253	1
114	456	1359	223	1
137	544	1578	205	2
175	648	1818	288	2
218	720	2092	339	3
112	518	1690	270	4
122	568	1705	284	4
187	650	1780	291	4
82	65	112	31	0
30	51	105	30	0
37	53	105	28	0
40	31	65	12	0
32	19	58	12	0
76	86	71	29	0
63	51	56	15	0
545	111	181	15	19
197	45	102	8	25
191	45	85	8	39
50	266	57	99	0
28	60	46	62	65
27	50	50	64	28
290	171	169	20	290
2810	6104	6625	1603	5
2540	2699	3500	949	2
1200	1670	2000	550	0
2546	2212	2315	639	0
50	40	120	20	0
53	42	125	20	0
1367	8443	1222	2524	36
850	2990	8494	1785	35
735	2660	4495	967	13
730	2655	4490	960	13
40	30	78	20	0
37	28	76	19	0
1443	4441	3390	1202	24
1445	4448	3399	1206	25
50	201	335	34	0
94	171	311	78	0
90	160	247	63	0
92	155	176	66	0
86	130	155	65	0
76	115	119	80	0
86	121	128	85	0
78	87	98	81	0
16	70	148	42	0
16	57	94	35	0
58	22	26	44	26
13	7	3	8	3
40	30	60	40	0
65	8	12	12	2
68	10	15	12	3
65	10	16	13	4
62	4	18	13	4
65	5	20	15	4
68	5	20	14	5
69	6	20	15	6
55	7	21	16	5
56	0	2	8	5
55	8	23	10	5
55	0	1	9	3
57	0	1	10	2
55	0	0	8	2
57	0	0	9	3
60	3	6	1	90
60	10	13	11	2
63	9	15	12	3
58	10	1	3	2
60	10	2	3	4
4371	284	1	160	0
2998	216	1	103	0
2088	121	2	67	0
1912	121	2	68	0
4450	234	1	92	0
4710	234	1	75	0
4293	156	1	58	0
8033	542	3	250	0
6956	518	3	259	0
190	10	38	4	90
45	100	68	29	0
38	25	140	25	0
35	18	64	10	0
21	18	62	4	0
37	10	75	15	0
15	12	87	9	0
8	73	194	75	0
5	46	165	70	0
63	95	182	82	0
60	77	162	77	0
70	76	120	72	0
75	100	115	70	0
74	78	121	82	0
70	77	118	75	0
75	85	115	70	0
70	50	112	80	0
65	45	90	65	0
26	35	69	61	0
31	42	73	64	0
35	31	70	49	0
123	38	140	58	2
55	41	177	45	0
55	51	190	40	0
51	41	150	42	0
31	45	160	50	0
50	110	194	59	0
50	96	130	33	0
54	67	126	44	0
75	70	116	30	0
51	76	129	38	0
39	53	94	25	0
40	51	72	22	0
52	56	74	29	0
34	64	78	38	0
15	30	56	20	0
11	28	65	23	0
13	31	70	25	0
16	38	76	29	0
20	42	88	35	0
15	49	90	27	0
12	51	64	24	0
101	190	421	140	0
110	195	405	142	0
102	190	398	145	0
110	180	402	150	0
122	185	410	152	0
140	190	430	160	0
130	180	415	155	0
120	190	420	150	0
90	103	344	124	0
80	75	321	106	1
78	68	290	95	0
85	70	295	92	0
80	70	296	98	0
60	60	287	98	0
62	63	278	100	0
60	60	280	102	0
35	55	185	56	0
7	35	63	28	0
17	12	51	1	0
70	80	55	79	0
70	72	53	71	0
72	73	57	81	0
75	76	62	84	0
77	80	67	86	0
80	83	70	85	0
130	5	6	1	2
20	70	53	25	0
30	48	170	40	0
26	45	158	40	0
16	48	155	42	0
13	50	150	40	0
8	48	170	44	0
8	39	168	46	0
5	12	120	40	0
68	5	53	16	0
20	46	52	15	0
88	60	80	65	0
137	80	132	76	0
80	30	55	90	0
99	245	1001	142	3
53	87	52	103	0
60	15	52	20	0
7	90	170	45	0
3	68	127	32	0
7	76	144	36	0
7	92	171	41	0
3	63	127	54	0
4	63	120	63	0
4	63	121	30	0
30	36	53	15	0
32	30	53	16	0
27	35	62	18	0
35	28	68	20	0
40	34	74	30	0
37	33	73	28	0
38	35	76	30	0
25	28	55	33	0
26	24	53	35	0
21	27	52	35	0
91	30	71	18	0
65	60	60	30	0
85	68	52	48	0
105	12	30	2	54
110	15	35	3	58
25	42	99	23	0
30	50	128	23	0
33	57	133	29	0
28	53	110	18	0
37	58	130	19	0
26	44	98	17	0
21	190	331	122	0
22	164	275	106	0
21	163	271	103	0
40	70	60	32	0
28	68	76	32	0
31	78	89	68	0
2200	30	176	7	1194
220	35	207	13	262
290	10	84	4	152
10	10	52	44	0
22	25	71	40	0
20	27	75	12	0
37	28	76	19	0
40	25	73	20	0
32	26	68	18	0
37	22	62	15	0
32	26	65	16	0
27	22	55	12	0
110	37	75	11	0
110	20	6	3	3
32	80	58	40	0
35	81	55	38	0
36	76	84	22	0
10	110	6	17	2
40	45	186	21	5
120	380	664	263	7
111	350	630	250	5
65	5	7	6	2
10	2	1	0	2
7	12	5	25	5
46	147	226	28	9
44	135	201	35	9
40	18	30	4	5
42	20	30	4	5
50	25	30	4	5
64	30	35	4	5
67	32	35	4	5
70	35	40	4	5
74	38	46	5	6
78	39	47	5	6
74	37	45	4	6
72	37	45	3	6
70	35	45	3	6
62	32	48	4	5
65	35	50	5	6
69	30	51	4	7
62	12	33	5	6
65	15	34	6	5
335	490	790	138	5
310	460	715	130	5
290	402	690	135	5
310	415	660	95	5
276	401	669	90	4
70	30	88	15	0
82	34	97	17	0
755	2308	2782	401	4
767	2340	2795	409	5
305	1596	2213	302	1
137	954	1566	524	1
120	190	160	80	1
22	108	85	16	0
25	110	88	15	0
20	88	92	12	0
30	20	51	10	0
250	468	1251	164	363
140	310	360	95	3
114	299	338	95	1
199	30	47	2	47
50	0	1	15	4
50	10	10	1	13
55	12	10	1	14
30	58	56	32	0
12	32	200	25	1
10	35	205	25	1
50	8	9	3	13
125	65	30	15	80
118	58	30	12	70
113	50	25	4	61
110	49	24	4	60
120	60	32	13	71
9	25	63	7	0
1	25	70	9	0
351	368	1388	303	0
250	313	1108	270	0
65	136	341	94	0
60	130	338	90	0
55	100	118	51	0
33	25	30	33	17
20	25	29	32	2
290	10	17	6	28
384	128	272	135	37
39	82	80	37	0
207	64	70	7	58
24	33	103	46	0
38	52	51	15	0
40	63	66	20	0
48	78	72	26	0
32	81	76	30	0
36	86	83	27	0
41	96	93	18	0
46	102	103	21	0
51	111	113	23	0
55	115	115	26	0
61	122	122	28	0
69	132	130	31	0
51	49	51	14	0
50	42	55	15	0
230	320	360	85	1
250	293	320	70	0
245	243	290	55	0
237	235	274	50	0
220	225	268	48	0
190	182	273	45	0
180	185	270	47	0
172	180	262	44	0
140	162	224	34	0
62	165	227	38	0
355	443	560	89	2
202	428	575	92	2
110	87	128	23	0
852	115	85	18	75
120	70	52	18	1
100	74	158	23	1
99	74	156	23	1
130	410	645	202	9
125	415	650	205	10
130	420	660	210	10
160	450	690	220	12
150	430	650	190	10
86	50	10	60	2
90	0	2	1	2
57	26	68	32	0
55	21	66	31	0
52	15	53	25	0
55	10	56	26	0
55	75	123	83	0
40	53	66	65	0
41	56	69	68	0
45	60	72	70	0
43	63	75	72	0
54	68	54	55	0
50	106	30	71	3
20	30	60	50	0
16	274	75	316	0
14	270	72	282	0
20	305	83	339	0
22	293	80	331	0
53	81	63	69	0
62	85	80	92	0
70	80	86	96	0
40	90	92	101	0
50	105	102	105	0
60	120	110	107	0
70	210	136	118	0
85	275	145	126	0
87	274	147	129	0
90	278	150	130	0
92	282	152	133	0
90	285	155	136	0
93	288	157	138	0
96	290	160	140	0
10	0	3	10	4
1834	350	202	9	329
10	0	4	1	4
90	60	96	30	0
120	70	110	32	7
81	301	2250	75	1031
102	130	275	108	0
65	95	170	50	0
155	221	281	231	0
139	190	265	221	0
121	165	193	47	0
52	60	115	50	0
57	62	93	48	0
65	61	90	46	0
55	60	89	46	0
52	50	85	45	0
55	51	87	23	0
120	6	10	40	5
5	196	158	352	0
8	201	156	353	0
13	170	130	288	0
48	120	52	136	0
53	127	55	140	0
61	113	58	149	0
48	106	60	140	0
33	116	75	145	0
46	126	77	152	0
40	130	70	145	0
35	132	74	150	0
39	130	74	148	0
40	125	77	156	0
42	130	80	167	0
44	92	65	130	0
50	70	65	128	0
52	73	65	130	0
56	75	56	121	0
34	61	51	56	0
52	64	65	80	0
40	71	72	85	0
97	91	65	76	0
101	119	73	78	0
106	131	81	98	0
91	110	86	95	0
29	110	61	80	0
55	73	61	72	0
52	82	70	91	0
60	90	76	96	0
50	96	80	102	0
40	102	82	80	0
30	110	90	86	0
45	140	96	90	0
42	165	100	108	0
45	160	96	110	0
50	165	97	112	0
52	167	100	115	0
55	170	102	117	0
57	152	104	120	0
60	156	106	123	0
60	157	107	123	0
49	32	4	8	2
42	30	7	11	3
40	26	4	8	2
46	34	15	12	3
65	32	19	18	2
65	35	2	6	3
58	30	3	10	4
46	36	4	10	2
52	31	5	3	2
78	44	10	13	2
75	40	9	15	2
30	12	10	11	2
37	17	10	11	3
28	15	10	8	3
30	16	13	8	3
30	18	14	8	3
29	20	14	8	3
10	15	52	10	0
10	12	56	10	0
12	10	60	5	0
10	8	52	4	0
140	10	8	2	2
190	8	10	6	2
267	10	31	12	5
150	15	32	15	3
149	20	25	3	2
18	0	1	0	3
18	12	9	2	2
35	32	20	5	5
25	35	20	4	4
26	9	25	4	5
72	19	16	4	3
78	15	15	3	4
78	15	15	3	4
25	10	14	3	2
23	4	8	3	2
71	10	51	8	0
30	26	52	33	0
210	610	630	265	0
152	500	562	225	0
32	310	355	132	0
201	49	72	16	0
197	47	71	16	0
193	43	70	15	0
196	40	72	18	0
201	32	75	16	0
208	28	52	15	0
194	31	55	16	0
28	26	52	10	0
75	35	57	12	0
70	31	60	10	0
73	21	65	11	0
61	35	54	8	0
35	60	52	10	0
45	72	52	10	0
12	72	52	8	0
28	55	53	16	0
30	60	53	7	0
102	68	97	56	0
105	70	100	53	0
25	73	102	55	0
25	74	106	57	0
251	250	390	68	0
112	121	150	45	0
225	211	351	70	0
211	201	342	71	1
155	204	295	78	1
145	193	291	80	0
135	165	265	40	0
111	151	250	42	0
115	144	225	45	0
96	130	198	48	0
86	138	160	49	0
45	74	121	26	0
42	105	102	41	0
45	39	82	19	0
60	10	5	1	2
70	2	3	1	5
75	5	6	2	5
70	4	5	2	4
80	3	7	2	9
83	4	0	0	7
27	5	0	1	22
17	4	0	1	18
1829	95	12	1	128
96	72	116	24	0
98	73	118	23	1
25	56	56	20	0
24	10	55	10	0
20	13	59	2	2
120	150	260	150	0
35	40	190	75	0
22	35	70	18	0
20	37	73	20	0
22	40	76	18	0
25	41	77	21	0
25	40	75	21	0
58	93	205	33	0
60	96	207	34	0
52	102	165	32	0
55	107	172	35	0
57	110	174	34	0
59	111	177	38	0
60	105	210	50	0
45	79	155	39	0
28	60	94	34	0
25	55	89	23	0
25	34	68	18	0
47	97	157	28	0
52	102	168	32	0
32	64	75	16	0
128	10	2	0	2
531	1305	79	2176	0
220	50	24	1	38
90	10	68	27	0
20	50	112	48	0
22	35	115	48	0
20	30	118	50	0
15	26	120	53	0
23	135	113	84	0
949	2569	4665	977	3312
25	50	87	8	0
210	161	550	35	276
25	11	38	10	2
80	10	55	30	1
9	8	16	2	2
7	2	2	1	6
6	2	2	1	8
9	3	2	1	9
9	3	2	1	10
9	3	2	1	10
8	2	2	1	9
8	2	2	1	7
4	2	2	1	7
6	2	2	1	7
6	2	2	1	8
11	3	2	1	9
9	3	2	1	7
6	2	1	0	3
14	2	1	0	2
11	2	1	0	2
13	2	1	0	2
16	2	1	0	2
17	2	0	0	2
136	151	229	37	6
23	17	57	7	0
92	23	18	1	14
93	12	0	1	2
43	3	2	6	2
62	8	2	0	2
96	1	2	0	3
55	1	0	0	2
790	4	0	4	2
1190	4	0	4	2
1260	5	1	4	3
1010	3	0	1	2
126	2	0	1	2
158	138	147	56	73
88	1640	3088	2298	6
82	1610	3010	2210	6
80	1530	2900	2260	8
83	1550	2880	2280	8
94	1880	2524	3010	10
100	3500	5524	4030	14
3	131	38	275	0
5	166	47	362	0
110	70	50	10	2
120	80	150	20	10
489	136	277	22	2
190	90	150	10	1
410	1018	1222	338	2
450	10	132	5	144
308	179	50	3	350
90	30	52	45	2
40	26	54	12	0
25	5	65	15	0
30	8	60	20	0
3966	1094	1222	222	0
290	310	30	90	90
28	1306	1524	165	66
40	50	0	50	5
95	86	7	2	2
225	3650	3920	3430	0
190	3552	3610	3047	0
79	10	118	42	0
130	534	657	138	0
10	180	235	53	0
192	7995	5730	5190	0
95	230	333	138	0
95	220	265	75	0
96	222	258	76	0
98	223	254	75	0
98	225	250	55	1
95	220	240	53	1
91	176	222	59	1
93	217	238	54	1
93	97	163	38	1
90	53	157	32	1
68	168	318	95	0
78	350	430	131	0
60	288	323	91	0
49	49	54	17	0
116	182	219	231	0
114	165	179	43	0
249	600	706	176	0
1410	3590	3084	730	5
60	147	181	39	0
1421	3601	3035	588	5
210	1534	2024	480	5
67	582	1307	33	618
102	60	45	10	8
110	62	50	15	10
120	65	56	18	12
130	68	60	20	15
22	12	13	4	8
70	20	290	105	1
85	98	116	40	0
115	110	155	55	0
80	30	90	60	0
130	201	230	93	0
190	10	40	20	3
110	20	50	40	2
330	4	48	9	220
72	25	72	55	0
80	20	75	58	0
40	45	131	60	0
24	24	79	26	0
22	24	75	24	0
98	1075	1238	220	1
94	1058	1225	212	1
95	1060	1228	210	1
79	64	65	21	6
60	140	230	125	0
50	131	241	138	0
132	143	450	65	598
85	136	414	50	13
45	50	105	20	40
140	5	12	3	4
80	125	197	125	0
47	14	52	53	0
50	15	55	56	0
105	1	8	2	2
110	2	10	3	2
98	2	1	1	2
289	26	17	1	28
2510	340	333	30	942
30	10	54	8	0
35	12	62	10	0
43	15	70	14	0
1621	2103	2537	814	0
529	1295	2159	714	0
190	2	12	1	24
30	23	64	9	0
9	7	24	4	2
11	8	29	5	3
15	6	24	4	3
18	6	24	4	4
17	7	24	4	5
16	7	25	5	5
22	48	71	20	0
290	10	135	6	23
2411	1464	1595	6506	2
660	7718	2996	2600	1
54	93	198	56	0
63	40	52	18	0
65	35	55	15	0
36	28	60	30	0
50	125	12	72	0
52	126	12	70	0
55	130	15	75	0
56	134	18	77	0
35	137	20	80	0
50	12	22	2	9
54	13	21	2	9
51	55	170	18	5
56	62	238	26	5
105	10	51	28	0
12	29	53	22	0
10	21	51	15	0
4	19	11	20	2
5	13	8	14	2
8	10	20	8	2
10	32	16	45	13
16	26	15	33	20
12	21	12	12	16
12	21	13	12	23
8	15	9	14	11
9	12	7	11	11
5	8	6	9	8
5	8	5	8	8
4	5	3	4	4
4	4	3	2	3
4	4	3	3	3
166	97	80	60	59
132	68	59	37	47
102	48	22	20	16
63	140	190	110	1
504	149	183	58	160
81	12	10	12	2
60	15	11	15	3
95	214	171	65	0
35	41	99	12	0
27	25	119	14	2
240	221	490	65	6
253	210	497	69	6
130	133	236	66	1
120	122	230	56	0
94	115	211	30	0
121	81	105	16	48
30	124	12	25	0
32	127	10	28	0
30	35	80	21	0
180	195	360	25	3
182	197	368	28	3
80	90	190	130	0
110	10	0	2	5
522	71	135	8	38
449	70	133	5	36
150	10	5	2	6
290	20	50	10	60
810	161	128	3	1086
3	36	160	26	0
9	11	89	4	0
10	12	123	5	0
4	8	74	4	0
30	140	39	26	0
45	136	84	17	0
45	30	53	20	0
160	2	1	1	2
90	10	10	9	3
65	5	12	8	2
25	27	55	6	0
11190	122	37	25	0
11270	126	40	28	0
11250	128	42	26	0
11240	126	40	25	0
11210	127	42	23	0
11190	130	43	24	0
11170	132	46	26	0
11121	136	49	28	0
11210	130	36	26	0
11280	125	35	25	0
11350	123	33	24	0
11355	121	32	25	0
11365	123	25	20	0
11370	125	16	15	0
11375	127	18	15	0
11370	130	20	17	0
11372	128	20	18	0
11370	130	18	15	0
11372	132	20	18	0
11380	135	21	20	0
11390	137	20	20	0
11402	140	22	20	0
11408	142	23	22	0
11420	142	22	23	0
11415	140	22	22	0
11430	140	23	23	0
11442	146	25	26	0
11450	150	28	29	0
11455	152	30	32	0
11460	157	33	35	0
11468	160	35	38	0
11470	162	37	40	0
11475	165	40	42	0
11490	168	36	35	0
11492	162	33	32	0
11495	160	32	33	0
11498	162	33	32	0
11504	160	32	33	0
11502	162	34	32	0
11519	160	37	35	0
11525	160	38	35	0
11535	165	40	38	0
11550	167	40	33	0
11560	170	41	35	0
11548	168	40	33	0
11545	170	42	37	0
11550	172	44	40	0
11548	170	45	40	0
11540	167	47	42	0
11544	190	80	60	0
11542	170	50	45	0
11580	122	25	24	0
11582	124	20	27	0
11585	125	20	28	0
11580	128	23	30	0
6	155	28	446	0
1020	4719	4767	1910	0
1020	3857	6659	3197	2
1010	2869	3922	1848	0
340	1100	1853	253	28
440	1380	2320	280	38
550	1650	2680	320	45
560	1670	2500	294	48
420	2390	3020	510	2
410	2370	3062	428	1
416	2330	3080	408	1
337	2745	3655	475	1
55	90	90	80	1
10	71	313	72	0
110	62	72	8	5
13	32	31	4	2
6	95	250	22	1
8	110	360	45	1
9	118	415	45	5
4	9	77	11	2
133	218	1110	171	39
65	133	604	166	0
121	98	115	30	0
98	110	269	105	0
90	150	140	190	0
192	62	68	9	366
57	231	242	70	0
36	247	240	87	0
23	267	389	52	0
16	103	98	196	0
101	271	516	74	19
47	60	63	25	4
8	8	14	2	14
125	127	174	29	152
20	226	347	46	3
145	132	167	25	175
105	41	38	5	188
40	157	234	29	1
167	122	171	25	227
41	78	159	25	237
29	244	358	43	2
26	258	389	45	3
21	17	18	1	82
29	239	348	40	12
